{
 "cells": [
  {
   "cell_type": "code",
   "execution_count": 1,
   "id": "da424530-eae6-42c0-b7e1-cd3f790bc381",
   "metadata": {
    "tags": []
   },
   "outputs": [
    {
     "name": "stderr",
     "output_type": "stream",
     "text": [
      "/home/dglyzin/.local/lib/python3.10/site-packages/torch_geometric/typing.py:49: UserWarning: An issue occurred while importing 'pyg-lib'. Disabling its usage. Stacktrace: /opt/conda/lib/python3.10/site-packages/libpyg.so: undefined symbol: _ZNK3c104impl13OperatorEntry20reportSignatureErrorENS0_12CppSignatureE\n",
      "  warnings.warn(f\"An issue occurred while importing 'pyg-lib'. \"\n",
      "/home/dglyzin/.local/lib/python3.10/site-packages/torch_geometric/typing.py:103: UserWarning: An issue occurred while importing 'torch-sparse'. Disabling its usage. Stacktrace: /opt/conda/lib/python3.10/site-packages/libpyg.so: undefined symbol: _ZNK3c104impl13OperatorEntry20reportSignatureErrorENS0_12CppSignatureE\n",
      "  warnings.warn(f\"An issue occurred while importing 'torch-sparse'. \"\n"
     ]
    }
   ],
   "source": [
    "from ancinf.utils.simulate import collectparams, simulateandsaveoneparam\n",
    "from ancinf.utils.runheuristic import run as heurrun\n",
    "\n",
    "import numpy as np\n",
    "import time\n",
    "\n",
    "rng = np.random.default_rng(2023)\n",
    "offset = 8.0\n",
    "\n",
    "valshare = 0.2\n",
    "testshare = 0.2\n",
    "itercount = 10    "
   ]
  },
  {
   "cell_type": "code",
   "execution_count": 2,
   "id": "b70d5c39-a52b-46b0-b21a-cd1989527f97",
   "metadata": {
    "collapsed": true,
    "jupyter": {
     "outputs_hidden": true
    },
    "tags": []
   },
   "outputs": [
    {
     "name": "stdout",
     "output_type": "stream",
     "text": [
      "processing file Scandinavia_weights_partial_labels.csv\n",
      "dropping Russians\n",
      "dropping Tatars,Volga-Tatars,Mishar-Tatars,Kryashens\n",
      "dropping English\n",
      "dropping Finns\n",
      "Unique ids in ibd datafile: 2006\n",
      "WARNING: ids are starting from 2 must be translated!\n",
      "WARNING: ids are not consequtive, must be translated!\n",
      "Filter out all classes smaller than  190\n",
      "Removing following classes:\n",
      "Sephardim 1\n",
      "Puerto-Ricans 1\n",
      "Tamils 1\n",
      "Evenks 1\n",
      "Pashtuns 1\n",
      "Mexicans 1\n",
      "Ossetians 1\n",
      "Czechs,Slovaks 1\n",
      "Kyrgyz 1\n",
      "Siberian-Tatars 1\n",
      "Kumyks 1\n",
      "Jews-Azerbaijani 1\n",
      "Uzbeks 1\n",
      "Chechens 1\n",
      "South-Italy 1\n",
      "Armenians,Hemshins 2\n",
      "Azerbaijanis,Iranians,Turks,Yazidis 2\n",
      "Kazakhs 2\n",
      "Albanians,Greeks 2\n",
      "Ket 3\n",
      "Moldovans 3\n",
      "Basques 3\n",
      "Spaniards 3\n",
      "Roma 4\n",
      "Balkan 5\n",
      "Kabardians,Cherkess,Adygeans 6\n",
      "Mari 7\n",
      "Khanty,Mansi 8\n",
      "Tuscans 8\n",
      "Poles 8\n",
      "Udmurts,Besermyan 9\n",
      "Scots 11\n",
      "Dolgans,Yakuts 11\n",
      "Mordvins 14\n",
      "Komi 15\n",
      "Sami 20\n",
      "French 21\n",
      "Irish 26\n",
      "Estonians 28\n",
      "Belarusians 33\n",
      "Ukrainians 40\n",
      "Lithuanians 47\n",
      "Bashkirs 55\n",
      "Belgium 57\n",
      "Karelians,Veps 60\n",
      "Chuvash 87\n",
      "Germans 126\n",
      "Ashkenazim 178\n",
      "Total 919 removed\n",
      "Remaining classes:\n",
      "Danes 190\n",
      "Swedes 378\n",
      "Norwegians 519\n",
      "dropping Estonians\n",
      "dropping Dolgans,Yakuts\n",
      "dropping Kazakhs\n",
      "dropping Udmurts,Besermyan\n",
      "dropping Uzbeks\n",
      "dropping Ket\n",
      "dropping Mordvins\n",
      "dropping Bashkirs\n",
      "dropping Kabardians,Cherkess,Adygeans\n",
      "dropping Kyrgyz\n",
      "dropping Karelians,Veps\n",
      "dropping Belarusians\n",
      "dropping Ukrainians\n",
      "dropping Chuvash\n",
      "dropping Komi\n",
      "dropping Moldovans\n",
      "dropping Evenks\n",
      "dropping Ashkenazim\n",
      "dropping Basques\n",
      "dropping Balkan\n",
      "dropping Germans\n",
      "dropping Armenians,Hemshins\n",
      "dropping French\n",
      "dropping Sephardim\n",
      "dropping Albanians,Greeks\n",
      "dropping Scots\n",
      "dropping Puerto-Ricans\n",
      "dropping Spaniards\n",
      "dropping Tamils\n",
      "dropping Pashtuns\n",
      "dropping Khanty,Mansi\n",
      "dropping Mexicans\n",
      "dropping Ossetians\n",
      "dropping Lithuanians\n",
      "dropping Siberian-Tatars\n",
      "dropping Sami\n",
      "dropping Czechs,Slovaks\n",
      "dropping South-Italy\n",
      "dropping Tuscans\n",
      "dropping Belgium\n",
      "dropping Irish\n",
      "dropping Kumyks\n",
      "dropping Mari\n",
      "dropping Jews-Azerbaijani\n",
      "dropping Azerbaijanis,Iranians,Turks,Yazidis\n",
      "dropping Chechens\n",
      "dropping Poles\n",
      "dropping Roma\n",
      "Unique ids in ibd datafile: 1086\n",
      "WARNING: ids are starting from 1799 must be translated!\n",
      "WARNING: ids are not consequtive, must be translated!\n",
      "Label dictionary: {'Norwegians': 0, 'Swedes': 1, 'Danes': 2}\n",
      "paircount: 17733, unique: 17733\n",
      "OK: all pairs are unique\n",
      "load ok!\n",
      "Partition is ok, no dangling nodes found\n",
      "processing file CR_graph_rel.csv\n",
      "Unique ids in ibd datafile: 3767\n",
      "OK: Ids are starting from 0\n",
      "OK: Ids are consecutive\n",
      "Filter out all classes smaller than  0\n",
      "Removing following classes:\n",
      "Total 0 removed\n",
      "Remaining classes:\n",
      "мордвины 70\n",
      "украинцы 426\n",
      "белорусы 463\n",
      "северные-русские 631\n",
      "южные-русские 2177\n",
      "Unique ids in ibd datafile: 3767\n",
      "OK: Ids are starting from 0\n",
      "OK: Ids are consecutive\n",
      "Label dictionary: {'южные-русские': 0, 'северные-русские': 1, 'белорусы': 2, 'украинцы': 3, 'мордвины': 4}\n",
      "paircount: 67503, unique: 67503\n",
      "OK: all pairs are unique\n",
      "load ok!\n",
      "Partition is ok, no dangling nodes found\n",
      "processing file Volga_weights_partial_labels.csv\n",
      "dropping Finns\n",
      "dropping Poles\n",
      "dropping English\n",
      "dropping Karelians,Veps\n",
      "dropping Norwegians\n",
      "dropping Mordvins\n",
      "dropping Dolgans,Yakuts\n",
      "dropping Kazakhs\n",
      "dropping Ashkenazim\n",
      "dropping Belarusians\n",
      "dropping Swedes\n",
      "dropping Ukrainians\n",
      "dropping Germans\n",
      "dropping Lithuanians\n",
      "dropping Bashkirs\n",
      "dropping Russians\n",
      "Unique ids in ibd datafile: 2235\n",
      "OK: Ids are starting from 0\n",
      "WARNING: ids are not consequtive, must be translated!\n",
      "Filter out all classes smaller than  49\n",
      "Removing following classes:\n",
      "Mozabite 1\n",
      "Pashtuns 1\n",
      "Jews-Georgian 1\n",
      "Jews-Iranian 1\n",
      "Hazaras 1\n",
      "Kosovars 1\n",
      "Mexicans 1\n",
      "Altaian,Altayans,Khakas,Kachins 1\n",
      "Irish 1\n",
      "Spaniards 1\n",
      "Kumyks 2\n",
      "Korean 2\n",
      "Tuvans 4\n",
      "Nganasan 4\n",
      "Kalmyks 4\n",
      "Evenks 4\n",
      "Evens 4\n",
      "South-Italy 5\n",
      "Karakalpacs 5\n",
      "Jews-Azerbaijani 5\n",
      "Czechs,Slovaks 6\n",
      "Albanians,Greeks 6\n",
      "Tuscans 7\n",
      "Azerbaijanis,Iranians,Turks,Yazidis 8\n",
      "Ket 8\n",
      "Belgium 8\n",
      "Moldovans 9\n",
      "Chelkans,Shors,Tubalar 10\n",
      "Dagestan 11\n",
      "Abkhazians,Georgians,Mingrelians 12\n",
      "French 13\n",
      "Siberian-Tatars 15\n",
      "Ingush 15\n",
      "Nogais 15\n",
      "Ossetians 17\n",
      "Sami 17\n",
      "Danes 17\n",
      "Uzbeks 19\n",
      "Chechens 19\n",
      "Armenians,Hemshins 22\n",
      "Karachays,Balkars 24\n",
      "Balkan 30\n",
      "Kyrgyz 31\n",
      "Kabardians,Cherkess,Adygeans 31\n",
      "Estonians 37\n",
      "Komi 41\n",
      "Khanty,Mansi 47\n",
      "Buryats,Hamnigan,Mongols 48\n",
      "Total 592 removed\n",
      "Remaining classes:\n",
      "Mari 49\n",
      "Udmurts,Besermyan 91\n",
      "Chuvash 334\n",
      "Tatars,Volga-Tatars,Mishar-Tatars,Kryashens 1169\n",
      "dropping Estonians\n",
      "dropping Buryats,Hamnigan,Mongols\n",
      "dropping Uzbeks\n",
      "dropping Ket\n",
      "dropping Kabardians,Cherkess,Adygeans\n",
      "dropping Kyrgyz\n",
      "dropping Abkhazians,Georgians,Mingrelians\n",
      "dropping Komi\n",
      "dropping Moldovans\n",
      "dropping Khanty,Mansi\n",
      "dropping Karachays,Balkars\n",
      "dropping Tuvans\n",
      "dropping Nganasan\n",
      "dropping Chelkans,Shors,Tubalar\n",
      "dropping Evenks\n",
      "dropping Balkan\n",
      "dropping Armenians,Hemshins\n",
      "dropping Dagestan\n",
      "dropping French\n",
      "dropping Albanians,Greeks\n",
      "dropping Spaniards\n",
      "dropping Hazaras\n",
      "dropping Pashtuns\n",
      "dropping Mozabite\n",
      "dropping Ingush\n",
      "dropping Jews-Iranian\n",
      "dropping Karakalpacs\n",
      "dropping Altaian,Altayans,Khakas,Kachins\n",
      "dropping Kosovars\n",
      "dropping Mexicans\n",
      "dropping Nogais\n",
      "dropping Evens\n",
      "dropping Ossetians\n",
      "dropping Siberian-Tatars\n",
      "dropping Sami\n",
      "dropping Czechs,Slovaks\n",
      "dropping Tuscans\n",
      "dropping South-Italy\n",
      "dropping Danes\n",
      "dropping Belgium\n",
      "dropping Irish\n",
      "dropping Kalmyks\n",
      "dropping Kumyks\n",
      "dropping Chechens\n",
      "dropping Azerbaijanis,Iranians,Turks,Yazidis\n",
      "dropping Korean\n",
      "dropping Jews-Georgian\n",
      "dropping Jews-Azerbaijani\n",
      "Unique ids in ibd datafile: 1642\n",
      "WARNING: ids are starting from 158 must be translated!\n",
      "WARNING: ids are not consequtive, must be translated!\n",
      "Label dictionary: {'Tatars,Volga-Tatars,Mishar-Tatars,Kryashens': 0, 'Chuvash': 1, 'Udmurts,Besermyan': 2, 'Mari': 3}\n",
      "paircount: 169379, unique: 169379\n",
      "OK: all pairs are unique\n",
      "load ok!\n",
      "Partition is ok, no dangling nodes found\n",
      "processing file NC_graph_rel.csv\n",
      "Unique ids in ibd datafile: 614\n",
      "OK: Ids are starting from 0\n",
      "WARNING: ids are not consequtive, must be translated!\n",
      "Filter out all classes smaller than  0\n",
      "Removing following classes:\n",
      "Total 0 removed\n",
      "Remaining classes:\n",
      "кумыки 18\n",
      "ногайцы 29\n",
      "ингуши 52\n",
      "осетины 52\n",
      "карачаевцы,балкарцы 86\n",
      "чеченцы 95\n",
      "дагестанские народы 134\n",
      "кабардинцы,черкесы,адыгейцы 148\n",
      "Unique ids in ibd datafile: 614\n",
      "OK: Ids are starting from 0\n",
      "WARNING: ids are not consequtive, must be translated!\n",
      "Label dictionary: {'кабардинцы,черкесы,адыгейцы': 0, 'дагестанские народы': 1, 'чеченцы': 2, 'карачаевцы,балкарцы': 3, 'осетины': 4, 'ингуши': 5, 'ногайцы': 6, 'кумыки': 7}\n",
      "paircount: 6297, unique: 6297\n",
      "OK: all pairs are unique\n",
      "load ok!\n",
      "Partition is ok, no dangling nodes found\n",
      "{'Scandinavia_weights_partial_labels.csv': {'pop_names': ['Norwegians', 'Swedes', 'Danes'], 'pop_sizes': [519, 377, 190], 'edge_probability': [[0.07716800202349336, 0.011049610810424045, 0.0031132745157691918], [0.011049610810424045, 0.060471809921553134, 0.00131229931592908], [0.0031132745157691918, 0.00131229931592908, 0.028460038986354776]], 'mean_weight': [[16.359806075388025, 10.790922252543941, 10.38897013029316], [10.790922252543941, 15.21641472468502, 9.905714680851064], [10.388970130293162, 9.905714680851064, 12.605865479452056]]}, 'CR_graph_rel.csv': {'pop_names': ['южные-русские', 'северные-русские', 'белорусы', 'украинцы', 'мордвины'], 'pop_sizes': [2177, 631, 463, 426, 70], 'edge_probability': [[0.014034170742251885, 0.007443471474942982, 0.007087646125654917, 0.005285733694773141, 0.002585471487630422], [0.007443471474942982, 0.019772092672251152, 0.006335721351483641, 0.004229816298743331, 0.005795788997056826], [0.007087646125654917, 0.006335721351483641, 0.016446476489673033, 0.005500968373234366, 0.0012958963282937365], [0.005285733694773141, 0.004229816298743331, 0.005500968373234366, 0.0135984534658934, 0.0012743125419181758], [0.002585471487630422, 0.005795788997056826, 0.0012958963282937365, 0.0012743125419181758, 0.11097308488612836]], 'mean_weight': [[14.502567997352667, 9.961582471393644, 9.993226839305711, 9.925100762953896, 9.884807563451776], [9.961582471393644, 12.516149442748093, 9.907474100486224, 9.887523861037819, 10.914345429687499], [9.993226839305711, 9.907474100486224, 27.418157907902216, 10.10343335483871, 9.557479523809523], [9.925100762953898, 9.887523861037819, 10.103433354838709, 36.59814349309505, 9.537832368421054], [9.884807563451776, 10.9143454296875, 9.557479523809523, 9.537832368421054, 20.730657462686573]]}, 'Volga_weights_partial_labels.csv': {'pop_names': ['Tatars,Volga-Tatars,Mishar-Tatars,Kryashens', 'Chuvash', 'Udmurts,Besermyan', 'Mari'], 'pop_sizes': [1168, 334, 91, 49], 'edge_probability': [[0.12135524879388668, 0.10203223689607087, 0.023887927141351798, 0.0824538719597428], [0.10203223689607087, 0.5593497689306073, 0.013226294663420412, 0.32445313454723207], [0.023887927141351798, 0.013226294663420412, 0.48253968253968255, 0.021753756447634], [0.0824538719597428, 0.32445313454723207, 0.021753756447634, 0.6113945578231292]], 'mean_weight': [[14.131897978768423, 12.49296090543664, 10.768524163056323, 12.208318474253018], [12.49296090543664, 24.756802902333952, 10.04820753731343, 19.127331192090395], [10.768524163056322, 10.048207537313433, 29.155671680161944, 11.544783298969072], [12.20831847425302, 19.127331192090395, 11.544783298969069, 31.080584631432547]]}, 'NC_graph_rel.csv': {'pop_names': ['кабардинцы,черкесы,адыгейцы', 'дагестанские народы', 'чеченцы', 'карачаевцы,балкарцы', 'осетины', 'ингуши', 'ногайцы', 'кумыки'], 'pop_sizes': [148, 134, 95, 86, 52, 52, 29, 18], 'edge_probability': [[0.050284978856407425, 0.0002016942315449778, 0.0034139402560455193, 0.02247014456316782, 0.016632016632016633, 0.007926195426195427, 0.005125815470643057, 0.0007507507507507507], [0.0002016942315449778, 0.031421838177533384, 0.00612725844461901, 0.00026032627559875043, 0.001148105625717566, 0.0025832376578645237, 0.0002573340195573855, 0.00041459369817578774], [0.0034139402560455193, 0.00612725844461901, 0.2777155655095185, 0.005385556915544675, 0.011538461538461539, 0.1311740890688259, 0.001088929219600726, 0.0152046783625731], [0.02247014456316782, 0.00026032627559875043, 0.005385556915544675, 0.3616963064295486, 0.0389087656529517, 0.013193202146690518, 0.009222133119486768, 0.005813953488372093], [0.016632016632016633, 0.001148105625717566, 0.011538461538461539, 0.0389087656529517, 0.22850678733031674, 0.07100591715976332, 0.004641909814323607, 0.002136752136752137], [0.007926195426195427, 0.0025832376578645237, 0.1311740890688259, 0.013193202146690518, 0.07100591715976332, 0.4751131221719457, 0.001326259946949602, 0.005341880341880342], [0.005125815470643057, 0.0002573340195573855, 0.001088929219600726, 0.009222133119486768, 0.004641909814323607, 0.001326259946949602, 0.11083743842364532, 0.0], [0.0007507507507507507, 0.00041459369817578774, 0.0152046783625731, 0.005813953488372093, 0.002136752136752137, 0.005341880341880342, 0.0, 0.12418300653594772]], 'mean_weight': [[20.700048957952472, 9.3875125, 9.942650208333333, 11.527930104895106, 11.6612065625, 11.0705131147541, 9.32968409090909, 8.867145], [9.3875125, 44.522640357142855, 10.610100512820512, 10.207673333333334, 12.34636875, 9.252248333333332, 10.2861, 11.7234], [9.942650208333333, 10.610100512820512, 22.90908488709678, 10.30568931818182, 10.939021754385964, 15.779726188271601, 10.14949, 9.653296923076923], [11.527930104895106, 10.207673333333334, 10.305689318181818, 39.37447639183056, 12.031048620689656, 10.855080169491526, 12.052165217391304, 9.64853888888889], [11.6612065625, 12.34636875, 10.939021754385966, 12.031048620689656, 21.665078085808585, 12.60230609375, 9.686322857142857, 11.84755], [11.070513114754098, 9.252248333333334, 15.779726188271606, 10.855080169491528, 12.60230609375, 27.63135611111111, 13.65972, 9.91038], [9.329684090909092, 10.2861, 10.14949, 12.052165217391304, 9.686322857142857, 13.65972, 25.22307933333333, -1.0], [8.867145, 11.7234, 9.653296923076923, 9.64853888888889, 11.84755, 9.91038, -1.0, 20.48511052631579]]}}\n"
     ]
    }
   ],
   "source": [
    "folder = \"/home/dglyzin/identityByDescent/datasets-pure\"\n",
    "params = collectparams(folder, override_popsizes=False)\n",
    "current_dataset = 'Scandinavia_weights_partial_labels.csv'"
   ]
  },
  {
   "cell_type": "code",
   "execution_count": 3,
   "id": "137be0ca-bf6a-4d5b-ae3e-bd0077cb7374",
   "metadata": {
    "tags": []
   },
   "outputs": [
    {
     "name": "stdout",
     "output_type": "stream",
     "text": [
      "bad partition on iter 0\n",
      "bad partition on iter 1\n",
      "bad partition on iter 2\n",
      "bad partition on iter 3\n",
      "bad partition on iter 4\n",
      "bad partition on iter 6\n",
      "bad partition on iter 7\n",
      "bad partition on iter 8\n",
      "{'IbdSumPerEdge': {'mean': 0.8619830779894802, 'std': 0.02459207093324024}, 'IbdSum': {'mean': 0.9523135302034165, 'std': 0.011395440951821992}, 'LongestIbd': {'mean': 0.9293252419685413, 'std': 0.015837174110659203}, 'SegmentCountWMult': {'mean': 0.933962531550474, 'std': 0.013899135072260163}, 'SegmentCountPerClassize': {'mean': 0.9817872406892658, 'std': 0.0072862876434416236}, 'SegmentCount': {'mean': 0.9271750453593703, 'std': 0.013383973613749194}}\n"
     ]
    }
   ],
   "source": [
    "import json\n",
    "import os\n",
    "with open(os.path.join(folder, \"meta.json\")) as f:\n",
    "    metadict = json.load(f)\n",
    "load_args = metadict[current_dataset]\n",
    "original_res = heurrun(rng, os.path.join(folder, current_dataset), valshare, testshare, itercount, debug=False, filter_params=load_args)\n",
    "print(original_res)"
   ]
  },
  {
   "cell_type": "code",
   "execution_count": 4,
   "id": "965f0564-053a-4584-b859-2e9a44efc0b2",
   "metadata": {
    "tags": []
   },
   "outputs": [
    {
     "name": "stdout",
     "output_type": "stream",
     "text": [
      "{'pop_names': ['Norwegians', 'Swedes', 'Danes'], 'pop_sizes': [519, 377, 190], 'edge_probability': [[0.07716800202349336, 0.011049610810424045, 0.0031132745157691918], [0.011049610810424045, 0.060471809921553134, 0.00131229931592908], [0.0031132745157691918, 0.00131229931592908, 0.028460038986354776]], 'mean_weight': [[16.359806075388025, 10.790922252543941, 10.38897013029316], [10.790922252543941, 15.21641472468502, 9.905714680851064], [10.388970130293162, 9.905714680851064, 12.605865479452056]]}\n"
     ]
    }
   ],
   "source": [
    "scandparams = params[current_dataset]\n",
    "print(scandparams)"
   ]
  },
  {
   "cell_type": "code",
   "execution_count": 8,
   "id": "d816b015-6512-4890-8334-857e5914cad5",
   "metadata": {
    "tags": []
   },
   "outputs": [
    {
     "name": "stdout",
     "output_type": "stream",
     "text": [
      "=====Generation 0 for factor 0.5====\n",
      "population sizes: [260, 188, 95]\n",
      "bad partition on iter 0\n",
      "bad partition on iter 1\n",
      "bad partition on iter 2\n",
      "bad partition on iter 3\n",
      "bad partition on iter 4\n",
      "bad partition on iter 5\n",
      "bad partition on iter 6\n",
      "bad partition on iter 8\n",
      "bad partition on iter 9\n",
      "{'IbdSumPerEdge': {'mean': 0.8983205358284433, 'std': 0.023585020105420438}, 'IbdSum': {'mean': 0.9604125173986837, 'std': 0.013261438193935639}, 'LongestIbd': {'mean': 0.945617686499884, 'std': 0.01820558587300734}, 'SegmentCountWMult': {'mean': 0.9241266240124538, 'std': 0.02555632748535498}, 'SegmentCountPerClassize': {'mean': 0.9805986671994328, 'std': 0.01595822034917412}, 'SegmentCount': {'mean': 0.9241266240124538, 'std': 0.02555632748535498}}\n",
      "finished in 0.6741349697113037\n",
      "=====Generation 1 for factor 0.6====\n",
      "population sizes: [311, 226, 114]\n",
      "bad partition on iter 0\n",
      "bad partition on iter 3\n",
      "bad partition on iter 4\n",
      "bad partition on iter 5\n",
      "bad partition on iter 6\n",
      "bad partition on iter 8\n",
      "bad partition on iter 9\n",
      "{'IbdSumPerEdge': {'mean': 0.8949422065739927, 'std': 0.02426833526564458}, 'IbdSum': {'mean': 0.972812216253909, 'std': 0.014680675076478324}, 'LongestIbd': {'mean': 0.9481270172588502, 'std': 0.013946668660260586}, 'SegmentCountWMult': {'mean': 0.9460097190927094, 'std': 0.027043483756289472}, 'SegmentCountPerClassize': {'mean': 0.9910034810340569, 'std': 0.007049587084481817}, 'SegmentCount': {'mean': 0.9460097190927094, 'std': 0.027043483756289472}}\n",
      "finished in 1.0133435726165771\n",
      "=====Generation 2 for factor 0.7====\n",
      "population sizes: [363, 264, 133]\n",
      "bad partition on iter 0\n",
      "bad partition on iter 1\n",
      "bad partition on iter 2\n",
      "bad partition on iter 4\n",
      "bad partition on iter 7\n",
      "bad partition on iter 8\n",
      "{'IbdSumPerEdge': {'mean': 0.9265380554966154, 'std': 0.016504720729856225}, 'IbdSum': {'mean': 0.9687741441904268, 'std': 0.011729055411393673}, 'LongestIbd': {'mean': 0.9640858294319393, 'std': 0.012714830902221863}, 'SegmentCountWMult': {'mean': 0.9399659762515251, 'std': 0.01504063763284351}, 'SegmentCountPerClassize': {'mean': 0.981539619438759, 'std': 0.01224041913969247}, 'SegmentCount': {'mean': 0.9399659762515251, 'std': 0.01504063763284351}}\n",
      "finished in 1.7817320823669434\n",
      "=====Generation 3 for factor 0.8====\n",
      "population sizes: [415, 302, 152]\n",
      "bad partition on iter 0\n",
      "bad partition on iter 5\n",
      "bad partition on iter 9\n",
      "{'IbdSumPerEdge': {'mean': 0.919932657454671, 'std': 0.011387484723125065}, 'IbdSum': {'mean': 0.9708301849031444, 'std': 0.010646791277268962}, 'LongestIbd': {'mean': 0.9559614945551436, 'std': 0.013696172942020251}, 'SegmentCountWMult': {'mean': 0.9484771854471215, 'std': 0.014903144956687634}, 'SegmentCountPerClassize': {'mean': 0.9847323121620434, 'std': 0.01187357646391822}, 'SegmentCount': {'mean': 0.9484771854471215, 'std': 0.014903144956687634}}\n",
      "finished in 2.518407106399536\n",
      "=====Generation 4 for factor 0.9====\n",
      "population sizes: [467, 339, 171]\n",
      "bad partition on iter 2\n",
      "bad partition on iter 3\n",
      "bad partition on iter 6\n",
      "{'IbdSumPerEdge': {'mean': 0.9134307798962304, 'std': 0.019328575520833696}, 'IbdSum': {'mean': 0.9864410505024963, 'std': 0.009562627888738597}, 'LongestIbd': {'mean': 0.9693540641051757, 'std': 0.014902738901611217}, 'SegmentCountWMult': {'mean': 0.9735492367661831, 'std': 0.013938372287459089}, 'SegmentCountPerClassize': {'mean': 0.9959322268318589, 'std': 0.004510426195139856}, 'SegmentCount': {'mean': 0.9735492367661831, 'std': 0.013938372287459089}}\n",
      "finished in 3.775167465209961\n",
      "=====Generation 5 for factor 1====\n",
      "population sizes: [519, 377, 190]\n",
      "bad partition on iter 0\n",
      "{'IbdSumPerEdge': {'mean': 0.9390267509384632, 'std': 0.014910768136591581}, 'IbdSum': {'mean': 0.9889284511923837, 'std': 0.006633332594429269}, 'LongestIbd': {'mean': 0.9685307054656194, 'std': 0.006807628065467129}, 'SegmentCountWMult': {'mean': 0.9768596399686602, 'std': 0.00639107091175963}, 'SegmentCountPerClassize': {'mean': 0.9963659024711655, 'std': 0.0040282540311321864}, 'SegmentCount': {'mean': 0.9768596399686602, 'std': 0.00639107091175963}}\n",
      "finished in 4.798732042312622\n",
      "=====Generation 6 for factor 1.1====\n",
      "population sizes: [571, 415, 209]\n",
      "bad partition on iter 1\n",
      "bad partition on iter 2\n",
      "bad partition on iter 4\n",
      "bad partition on iter 5\n",
      "bad partition on iter 9\n",
      "{'IbdSumPerEdge': {'mean': 0.9358123529804218, 'std': 0.01459162978545485}, 'IbdSum': {'mean': 0.989070317284841, 'std': 0.004226433109483769}, 'LongestIbd': {'mean': 0.9768071694539164, 'std': 0.011419519662882373}, 'SegmentCountWMult': {'mean': 0.9683931645263494, 'std': 0.01302326468681409}, 'SegmentCountPerClassize': {'mean': 0.9929132057684894, 'std': 0.004440251594236739}, 'SegmentCount': {'mean': 0.9683931645263494, 'std': 0.01302326468681409}}\n",
      "finished in 6.396526098251343\n",
      "=====Generation 7 for factor 1.2====\n",
      "population sizes: [623, 452, 228]\n",
      "bad partition on iter 2\n",
      "bad partition on iter 8\n",
      "{'IbdSumPerEdge': {'mean': 0.9242954955932458, 'std': 0.015847197947481132}, 'IbdSum': {'mean': 0.9777678610835995, 'std': 0.009945484894998288}, 'LongestIbd': {'mean': 0.9642608521751107, 'std': 0.008590368080026396}, 'SegmentCountWMult': {'mean': 0.9651390914437037, 'std': 0.011232765996670927}, 'SegmentCountPerClassize': {'mean': 0.9907734884239087, 'std': 0.005003521835461479}, 'SegmentCount': {'mean': 0.9651390914437037, 'std': 0.011232765996670927}}\n",
      "finished in 8.03212285041809\n",
      "=====Generation 8 for factor 1.3====\n",
      "population sizes: [675, 490, 247]\n",
      "{'IbdSumPerEdge': {'mean': 0.933837233807297, 'std': 0.012695571087274466}, 'IbdSum': {'mean': 0.9905241091792691, 'std': 0.004812574765645988}, 'LongestIbd': {'mean': 0.9775350476926405, 'std': 0.006056042630683465}, 'SegmentCountWMult': {'mean': 0.9778226068979811, 'std': 0.011122924372070764}, 'SegmentCountPerClassize': {'mean': 0.9976143224835312, 'std': 0.003181382892914852}, 'SegmentCount': {'mean': 0.9778226068979811, 'std': 0.011122924372070764}}\n",
      "finished in 10.378663301467896\n",
      "=====Generation 9 for factor 1.4====\n",
      "population sizes: [727, 528, 266]\n",
      "{'IbdSumPerEdge': {'mean': 0.9388545808086123, 'std': 0.0189474800971423}, 'IbdSum': {'mean': 0.9890700551530657, 'std': 0.004538351260778755}, 'LongestIbd': {'mean': 0.9821555526022445, 'std': 0.007148921645930341}, 'SegmentCountWMult': {'mean': 0.9813796273771871, 'std': 0.0066828362926884795}, 'SegmentCountPerClassize': {'mean': 0.9982300215957831, 'std': 0.0021708136605918175}, 'SegmentCount': {'mean': 0.9813796273771871, 'std': 0.0066828362926884795}}\n",
      "finished in 14.65039873123169\n",
      "=====Generation 10 for factor 1.5====\n",
      "population sizes: [778, 566, 285]\n",
      "{'IbdSumPerEdge': {'mean': 0.9274620558040582, 'std': 0.01578170092296177}, 'IbdSum': {'mean': 0.9935204751102702, 'std': 0.004895021295402486}, 'LongestIbd': {'mean': 0.9765773558477491, 'std': 0.006624775067578384}, 'SegmentCountWMult': {'mean': 0.9859831535885402, 'std': 0.006032558313135678}, 'SegmentCountPerClassize': {'mean': 0.9995985184766321, 'std': 0.0012044445701037245}, 'SegmentCount': {'mean': 0.9859831535885402, 'std': 0.006032558313135678}}\n",
      "finished in 18.247483730316162\n",
      "=====Generation 11 for factor 1.75====\n",
      "population sizes: [908, 660, 332]\n",
      "{'IbdSumPerEdge': {'mean': 0.9359290050650586, 'std': 0.016302042436783643}, 'IbdSum': {'mean': 0.9896801248632711, 'std': 0.0038616858265703236}, 'LongestIbd': {'mean': 0.9753081460496358, 'std': 0.005874279961971027}, 'SegmentCountWMult': {'mean': 0.9810344518666305, 'std': 0.0037026671893703707}, 'SegmentCountPerClassize': {'mean': 0.998163813816161, 'std': 0.0024583866005132896}, 'SegmentCount': {'mean': 0.9810344518666305, 'std': 0.0037026671893703707}}\n",
      "finished in 30.866796255111694\n",
      "=====Generation 12 for factor 2====\n",
      "population sizes: [1038, 754, 380]\n",
      "{'IbdSumPerEdge': {'mean': 0.9416932646060756, 'std': 0.01064468844501741}, 'IbdSum': {'mean': 0.9939259799214655, 'std': 0.004956636759299936}, 'LongestIbd': {'mean': 0.9814523258515058, 'std': 0.008913363420970051}, 'SegmentCountWMult': {'mean': 0.9899302063018046, 'std': 0.005858982381376193}, 'SegmentCountPerClassize': {'mean': 0.9996993133969646, 'std': 0.0009020598091063481}, 'SegmentCount': {'mean': 0.9899302063018046, 'std': 0.005858982381376193}}\n",
      "finished in 52.08136010169983\n",
      "=====Generation 13 for factor 3====\n",
      "population sizes: [1557, 1131, 570]\n",
      "{'IbdSumPerEdge': {'mean': 0.94465273029365, 'std': 0.00798549747729904}, 'IbdSum': {'mean': 0.998195745160376, 'std': 0.0010812108674653406}, 'LongestIbd': {'mean': 0.987501371405691, 'std': 0.003017180927955592}, 'SegmentCountWMult': {'mean': 0.9963801192122965, 'std': 0.001983220726722366}, 'SegmentCountPerClassize': {'mean': 1.0, 'std': 0.0}, 'SegmentCount': {'mean': 0.9963801192122965, 'std': 0.001983220726722366}}\n",
      "finished in 245.53070378303528\n"
     ]
    }
   ],
   "source": [
    "def scalepopulations(baseparams, factor):\n",
    "    newparams={}\n",
    "    newparams['pop_names'] = baseparams['pop_names']\n",
    "    newparams['edge_probability'] = baseparams['edge_probability']\n",
    "    newparams['mean_weight'] = baseparams['mean_weight']\n",
    "    pop_sizes = baseparams['pop_sizes']\n",
    "    newparams['pop_sizes'] = [round(size*factor) for size in pop_sizes]\n",
    "    return newparams\n",
    "\n",
    "fnamebase = \"/home/dglyzin/identityByDescent/datasets-tmp/Scandinavia\"\n",
    "\n",
    "\n",
    "start = time.time()\n",
    "factors = [0.5, 0.6, 0.7, 0.8, 0.9, 1, 1.1, 1.2, 1.3, 1.4, 1.5, 1.75, 2, 3]\n",
    "\n",
    "total_pops = []\n",
    "results = []\n",
    "\n",
    "for idx, factor in enumerate(factors):\n",
    "    print(f\"=====Generation {idx} for factor {factor}====\")\n",
    "    fname = fnamebase+\"_gen\"+str(idx)+\".csv\"\n",
    "    params = scalepopulations(scandparams, factor)\n",
    "    print(\"population sizes:\", params[\"pop_sizes\"])\n",
    "    \n",
    "    simulateandsaveoneparam(params, offset, fname, rng)\n",
    "    res = heurrun(rng, fname, valshare, testshare, itercount, debug=False)\n",
    "    print(res)\n",
    "    total_pops.append(np.sum(np.array(params[\"pop_sizes\"])))\n",
    "    results.append(res)\n",
    "    \n",
    "    finish = time.time()\n",
    "    print(f\"finished in {finish-start}\")\n",
    "    start = finish"
   ]
  },
  {
   "cell_type": "code",
   "execution_count": 12,
   "id": "dd1c2e3a-b414-4eca-9538-7edcb9e14ada",
   "metadata": {
    "tags": []
   },
   "outputs": [
    {
     "data": {
      "text/plain": [
       "<matplotlib.collections.PathCollection at 0x7f16688ed8a0>"
      ]
     },
     "execution_count": 12,
     "metadata": {},
     "output_type": "execute_result"
    },
    {
     "data": {
